<?xml version="1.0"?>
<opencv_storage>
<distortions2 type_id="opencv-matrix">
  <rows>4</rows>
  <cols>1</cols>
  <dt>d</dt>
  <data>
    -0.0100537339309162 0.0262927035465380 -3.3122319295692226e-04
    1.1214451478006589e-03</data></distortions2>
</opencv_storage>
