<?xml version="1.0"?>
<opencv_storage>
<intrinsic type_id="opencv-matrix">
  <rows>3</rows>
  <cols>3</cols>
  <dt>d</dt>
  <data>
    511.9186197958337630 0. 521.2381749211924671 0. 513.1433037580643486
    316.6925426805632355 0. 0. 1.</data></intrinsic>
</opencv_storage>
